1 787 0
1 69438 0
1 41880 1
3
1 47678 2
1 7130 1
1 8403 5
1 50803 2
1 2024 3
3
1 47099 6
1 95713 7
1 46670 6
3
1 46986 10
1 95517 8
1 74425 10
3
1 74653 10
1 23734 2
3
1 21745 13
1 25609 2
3
1 53481 18
1 93990 1
1 86807 12
3
1 82946 0
1 59865 10
3
1 61406 5
1 48779 1
1 94434 13
1 31292 4
3
1 55155 12
1 47872 10
1 9209 20
3
1 8614 6
1 75343 16
1 70853 30
3
1 27555 21
1 43758 10
1 552 8
1 67629 30
1 34227 25
3
1 97475 6
1 46286 7
1 868 7
1 36374 15
3
1 87069 13
1 9545 24
1 98768 11
1 28162 39
1 33032 19
3
1 12250 2
1 78585 4
1 46898 21
1 74972 30
3
1 19649 31
1 36476 39
1 79572 24
1 47988 51
3
1 95957 48
1 17166 43
3
1 57667 39
1 54914 15
1 54750 47
1 8303 50
3
1 64981 40
1 88156 26
1 10281 49
1 2003 33
3
1 65871 48
1 830 64
1 81823 29
1 24749 16
3
1 18775 24
1 45344 23
1 168 43
1 17849 13
1 63254 66
3
1 60353 56
1 17327 46
1 84717 7
1 57557 30
3
1 7288 44
1 35287 48
3
1 43607 74
1 67525 73
1 44891 8
1 78783 15
3
1 18958 65
1 18046 47
1 17913 1
1 77482 23
3
1 90004 66
1 18773 40
1 48022 73
3
1 50865 42
1 72841 17
1 99377 10
3
1 90433 47
1 10620 86
3
1 92852 71
1 77427 10
1 6164 15
1 22068 45
1 66862 17
3
1 69188 95
1 23509 30
1 17500 90
3
1 29531 93
1 37541 22
3
1 38967 32
1 26241 75
1 57402 76
1 46084 100
1 33843 48
3
1 44742 84
1 98095 34
1 97387 5
1 63628 50
3
1 26465 64
1 76636 56
3
1 81395 57
1 66809 3
3
1 45897 102
1 27901 110
1 37816 61
3
1 64919 120
1 49102 45
1 4608 57
3
1 43544 14
1 62212 59
3
1 85499 24
1 62057 5
1 69672 84
1 26976 27
1 62879 0
3
1 53906 45
1 66629 118
1 24949 18
3
1 81265 17
1 76118 66
1 20008 33
1 21766 98
3
1 81448 77
1 22706 44
1 31296 19
3
1 9908 100
1 54348 59
1 79129 68
1 73410 134
3
1 50570 10
1 80546 1
1 4539 117
1 84826 75
3
1 43116 66
1 24401 131
3
1 59400 6
1 73476 19
3
1 35057 50
1 30119 38
1 99886 64
3
1 83204 139
1 29198 140
1 39528 55
3
1 68779 147
1 15001 158
1 98048 59
3
1 84025 46
1 47166 149
1 44354 6
1 64979 40
1 58865 24
3
1 18106 75
1 62916 130
1 52073 23
3
1 30066 29
1 9014 132
1 29700 79
3
1 74444 37
1 53762 43
1 15891 135
1 7236 118
1 17138 62
3
1 74908 140
1 63623 77
1 61513 96
1 81477 134
3
1 77583 141
1 39402 26
3
1 2586 62
1 49260 174
1 95128 170
1 71147 150
3
1 26544 61
1 52610 159
1 21919 57
1 51259 123
3
1 59427 110
1 5842 189
1 93273 108
1 40616 115
1 14511 138
3
1 50921 97
1 19382 191
3
1 57171 108
1 99707 104
1 74142 184
1 48316 54
3
1 39958 138
1 33352 95
1 61109 1
1 62889 52
3
1 55541 83
1 31274 116
3
1 96273 172
1 37485 113
1 31618 147
1 27144 95
1 88210 5
3
1 57182 55
1 14231 18
1 50691 121
1 56152 178
1 91698 54
3
1 26855 125
1 14817 41
1 70980 144
1 59680 153
1 2938 119
3
1 85031 61
1 81658 154
3
1 39765 66
1 86710 223
3
1 29302 89
1 61059 86
1 57151 96
3
1 61502 190
1 2357 51
1 80658 40
1 72825 17
3
1 61854 233
1 88172 158
1 70828 116
3
1 15638 134
1 53141 100
3
1 15137 79
1 40170 28
3
1 79327 26
1 43300 24
3
1 82755 76
1 3292 191
1 81970 50
3
1 17471 157
1 16769 89
1 20160 189
1 42473 153
1 14704 91
3
1 30773 246
1 93460 192
1 45043 235
3
1 1929 61
1 74705 204
1 3035 157
1 43839 0
1 11811 65
3
1 37044 45
1 60000 261
1 45239 39
3
1 15068 150
1 45307 53
1 26058 202
1 13394 241
1 50756 199
3
1 44553 260
1 54248 49
3
1 79626 224
1 79079 256
1 79591 228
3
1 21096 92
1 33668 31
1 11435 219
1 77378 237
1 91168 151
3
1 93249 79
1 58120 94
1 33800 173
3
1 23463 265
1 3507 222
1 81137 275
3
1 31186 251
1 50983 77
1 79725 270
3
1 67418 53
1 24300 8
3
1 19942 36
1 31547 104
1 25507 21
3
1 83548 101
1 65715 24
1 32726 247
3
1 67614 44
1 69105 63
3
1 63860 263
1 77742 143
1 73464 270
1 71959 209
3
1 45511 78
1 71878 226
3
1 50416 77
1 3880 232
1 50889 280
1 13130 303
1 45947 248
3
1 78221 31
1 84538 106
1 73217 295
3
1 35672 125
1 88953 193
1 24989 240
1 16604 166
3
1 76140 204
1 44641 71
3
1 96404 133
1 17821 72
1 15965 145
3
1 87313 0
1 35924 298
3
1 11668 96
1 40439 104
1 90660 51
1 44764 170
1 65903 307
3
1 80606 85
1 22424 26
1 50207 59
3
1 6222 280
1 59892 263
3
1 74406 39
1 91797 27
1 49889 184
1 56603 125
1 96193 309
3
1 33616 112
1 98384 187
3
1 73901 301
1 68405 36
3
1 73484 78
1 13397 45
1 76448 55
3
1 73154 289
1 69871 102
1 21677 212
1 78627 140
1 52367 305
3
1 22362 302
1 32317 240
1 68062 346
1 37111 268
3
1 22235 198
1 38301 256
1 49847 97
1 17536 136
1 55277 112
3
1 98918 203
1 22823 150
1 81829 94
1 28953 253
1 54477 231
3
1 3528 319
1 25490 245
1 84463 288
1 41077 126
1 71258 33
3
1 52009 296
1 57698 192
3
1 10562 59
1 63098 209
3
1 25849 368
1 58574 204
1 7319 355
3
1 22712 211
1 29016 180
3
1 88197 80
1 76586 16
1 10070 248
1 83435 95
1 67565 197
3
1 71766 236
1 60943 71
3
1 8481 284
1 82684 381
1 10222 266
1 46099 374
1 65553 154
3
1 73261 290
1 69870 304
1 15761 95
1 77670 117
3
1 79914 134
1 11163 188
1 8942 129
3
1 86406 317
1 11900 336
1 52164 372
1 5389 370
3
1 60444 176
1 8550 235
1 26344 398
1 41801 374
1 27220 349
3
1 44338 159
1 72604 147
1 87568 87
3
1 54309 334
1 14390 287
3
1 44310 109
1 39346 126
1 72431 397
1 27510 343
1 3599 172
3
1 75061 207
1 93253 32
1 9246 345
1 57625 260
1 27730 283
3
1 17370 328
1 12991 230
1 97370 154
1 47334 136
3
1 69150 409
1 20703 234
1 10436 224
1 13203 164
1 7502 237
3
1 65446 137
1 93714 323
1 7200 334
1 49398 294
3
1 38322 33
1 98950 238
3
1 90373 100
1 12920 99
1 5670 302
1 5588 155
1 89210 196
3
1 75327 242
1 95317 324
1 90527 96
1 92160 33
3
1 84760 391
1 41075 126
1 3597 329
1 33177 145
3
1 84968 50
1 42116 382
3
1 7784 261
1 7176 359
3
1 65619 282
1 22569 80
3
1 27666 297
1 52650 224
1 53971 399
1 7089 15
3
1 13270 323
1 30216 137
1 78488 136
1 21198 64
1 29220 191
3
1 36524 278
1 55829 442
1 36571 116
1 63297 133
1 2772 216
3
1 45187 115
1 44455 430
3
1 67346 471
1 41629 143
1 73717 18
3
1 88027 266
1 40104 236
1 23882 67
1 60623 468
3
1 32850 42
1 29433 314
1 34892 472
1 76449 115
3
1 86809 338
1 81956 184
1 87376 111
1 78321 440
3
1 93982 165
1 95314 224
1 40995 270
1 98689 178
3
1 32384 30
1 86753 101
1 45392 397
1 16412 242
3
1 69648 22
1 74037 39
1 64853 260
1 34277 372
1 14310 312
3
1 95468 469
7 331
6 277
1 81002 91
3
6 13
2 16
5
3
2 354
1 56435 198
3
7 396
6 187
3
1 55992 166
4 495 374
2 91
5
3
5
1 40579 488
6 331
3
7 88
5
7 156
7 364
3
7 145
1 31004 15
4 302 366
3
4 77 113
5
1 83809 130
4 478 399
3
7 205
5
3
2 312
5
3
6 86
6 31
5
6 228
7 61
3
1 3136 0
6 134
6 44
3
6 492
4 343 115
5
1 18995 51
3
7 234
7 90
3
2 320
5
3
1 9381 199
1 86039 167
5
1 5177 505
4 291 249
3
7 226
2 415
3
6 472
5
1 18298 385
4 397 173
3
2 505
4 94 116
3
4 358 161
5
3
5
1 74143 215
2 331
7 421
3
6 341
6 101
3
1 50221 309
2 372
4 498 124
3
5
7 294
3
6 125
7 385
3
2 282
2 157
3
2 502
2 44
7 153
3
2 470
4 57 121
7 291
4 392 201
4 405 448
3
7 33
5
6 387
5
1 97660 403
3
7 201
7 327
6 480
2 66
2 88
3
1 42724 180
4 344 343
2 81
2 37
3
4 106 307
4 349 51
3
6 79
1 78577 406
6 278
1 88527 247
3
4 44 113
7 384
6 253
3
6 245
5
3
2 69
4 434 359
3
7 384
6 89
1 70552 209
5
1 89625 175
3
7 131
1 24459 347
2 279
4 417 220
3
4 434 96
5
6 497
3
1 23898 76
7 379
3
6 247
1 38355 72
5
3
7 155
6 120
4 262 225
4 450 73
3
6 454
6 61
7 373
4 228 122
3
2 317
4 205 483
3
7 333
4 368 326
7 460
2 3
3
7 190
2 125
6 160
3
6 317
2 217
3
1 67755 302
4 200 201
3
4 287 494
2 272
1 28160 100
2 31
3
6 62
6 384
1 7946 276
2 327
3
1 35484 72
7 306
3
6 342
4 101 312
7 119
3
6 181
5
2 114
6 311
3
5
2 185
6 366
3
4 299 272
6 375
3
6 431
1 54466 18
3
6 456
2 428
4 6 152
6 160
5
3
1 45961 339
7 8
5
6 137
3
5
6 479
5
3
2 26
1 55913 391
3
6 407
6 252
5
1 40562 254
3
2 384
2 253
3
2 64
7 417
3
1 5977 398
7 450
5
3
6 205
6 314
5
6 160
3
2 206
4 309 437
6 73
2 66
1 47934 469
3
5
5
5
5
4 371 290
3
7 306
5
4 363 400
4 236 281
3
6 408
6 492
3
4 170 34
5
4 68 289
2 194
3
2 63
6 397
6 131
2 286
3
7 290
2 482
3
1 17757 87
1 62203 393
5
3
7 431
2 385
6 405
3
6 418
4 267 255
3
7 167
4 446 399
6 170
4 222 70
3
1 23440 230
4 110 422
5
4 203 51
4 486 405
3
4 197 206
1 74412 469
6 280
5
3
7 445
1 10642 188
3
2 175
4 468 180
3
6 182
2 411
6 24
1 47077 286
3
4 383 435
6 159
3
4 281 276
4 427 378
4 491 228
2 263
2 287
3
4 197 271
1 22794 191
6 42
2 151
3
1 49521 76
5
3
5
1 53402 161
4 92 367
4 188 362
5
3
5
4 110 175
7 383
3
2 226
4 339 82
6 99
3
2 286
6 249
5
4 174 109
4 6 203
3
1 211 314
5
7 491
2 240
1 88179 138
3
7 486
7 14
1 87728 269
6 427
5
3
1 59788 49
6 160
4 422 193
6 58
3
4 93 200
5
7 375
6 46
2 189
3
2 49
4 134 471
1 14930 274
2 424
3
2 223
4 184 488
3
2 142
6 407
3
4 301 255
7 109
5
3
4 202 55
7 238
5
5
3
6 20
7 291
4 301 406
4 452 61
3
1 91428 247
4 409 167
7 120
7 305
3
7 290
7 205
3
5
6 273
4 397 338
7 17
4 389 234
3
6 416
2 429
3
1 84183 122
1 97991 348
3
1 22587 440
6 455
4 199 489
1 8125 496
5
3
6 400
4 139 490
1 27107 464
1 85233 225
5
3
2 292
2 260
4 236 336
2 423
7 228
3
7 25
4 139 276
3
5
2 43
6 130
7 337
3
6 32
1 36066 97
3
6 177
7 34
5
4 100 81
3
7 169
4 330 256
2 263
4 373 439
3
5
6 237
2 163
4 30 449
1 26978 168
3
4 308 234
2 228
7 271
4 442 412
5
3
5
6 148
4 161 232
3
4 173 419
4 265 110
4 332 375
5
1 98684 256
3
6 471
2 305
1 26122 442
3
6 326
1 27064 352
3
1 33948 334
7 470
1 69881 460
2 106
6 149
3
6 468
5
3
2 10
5
3
6 13
5
3
6 108
2 443
7 408
3
4 476 15
1 18898 87
3
2 436
2 245
4 307 235
1 44243 328
1 41420 484
3
2 434
4 404 71
3
6 254
6 248
1 38958 409
7 112
3
4 458 221
1 90999 275
6 251
3
6 273
1 86800 281
1 58487 190
1 80674 348
3
2 126
2 159
4 36 373
3
4 476 428
4 43 165
5
2 204
3
6 152
1 26433 405
7 303
4 44 95
3
6 108
2 71
3
5
6 26
3
4 10 358
4 465 329
4 406 153
2 419
3
6 452
4 163 438
4 55 83
3
6 179
4 117 157
2 163
3
6 309
5
4 393 365
3
4 152 69
2 395
3
2 219
2 460
6 45
2 311
3
7 416
5
3
5
1 76623 405
3
4 172 418
4 185 242
7 67
4 251 361
3
6 287
7 123
2 16
2 74
3
6 477
1 87648 90
1 16291 490
2 134
3
1 81152 81
1 50393 10
7 61
3
5
1 26759 188
1 46311 9
7 150
6 13
3
4 130 469
7 455
6 488
1 79086 353
2 146
3
5
6 42
3
7 100
5
6 360
1 17524 349
3
5
2 220
6 57
4 142 113
3
1 78587 173
6 425
2 246
3
7 113
6 66
2 311
3
7 282
5
6 37
3
2 302
1 37757 259
6 370
3
7 150
2 147
2 285
3
2 49
2 24
2 194
4 185 271
3
1 16453 223
7 208
3
1 47627 328
1 66707 453
5
5
6 161
3
6 475
6 315
5
7 225
3
6 115
1 70583 387
6 385
6 442
1 73799 336
3
5
1 74775 262
2 181
3
4 466 250
1 35688 295
4 410 244
4 11 421
1 65281 268
3
1 50404 198
5
2 326
3
2 239
7 89
3
4 28 142
1 32027 445
3
1 59156 102
2 277
7 368
2 345
7 428
3
6 464
2 221
1 84613 298
6 475
1 51602 43
3
5
1 57782 416
7 441
3
6 41
2 436
1 70834 235
3
6 133
4 408 336
7 489
4 274 451
3
7 31
1 74288 412
2 211
5
2 53
3
4 422 416
2 134
4 242 267
5
4 409 457
3
2 359
4 175 221
3
5
6 33
3
6 492
6 62
3
6 161
2 140
1 72157 369
1 46413 27
5
3
5
7 8
5
3
4 78 27
1 12179 314
7 330
7 463
3
7 464
7 160
1 46655 219
2 242
3
2 248
4 347 414
1 88502 70
7 248
7 171
3
7 265
7 223
1 19254 387
3
1 53491 324
5
7 231
1 53847 240
5
3
2 198
2 431
5
3
6 64
4 243 353
1 88529 479
7 172
1 69962 263
3
2 40
2 112
2 371
1 5924 402
5
3
1 57000 232
6 5
3
2 215
6 177
6 78
4 110 433
2 467
3
1 16816 186
1 35597 161
7 396
2 38
1 22497 478
3
4 419 253
6 67
2 181
3
6 187
4 163 184
4 123 53
3
4 34 349
4 354 402
4 438 360
3
5
6 462
1 59364 163
3
2 205
6 154
2 466
1 3872 261
3
1 86755 186
6 476
5
3
1 31189 478
1 3862 73
3
1 17597 128
6 44
3
5
5
5
3
5
6 301
3
7 63
6 491
6 210
3
2 423
7 263
6 49
1 26940 382
3
2 204
6 355
7 474
3
1 28812 373
6 489
3
6 80
6 19
7 440
2 149
3
2 2
7 204
7 140
3
2 442
5
3
4 182 429
7 421
4 370 279
3
2 400
1 13923 447
2 62
5
7 253
3
1 51968 220
4 100 172
6 445
7 96
3
4 119 358
4 375 226
3
6 424
2 38
4 211 231
3
5
2 168
3
7 349
6 449
3
6 306
4 151 420
1 87160 473
4 35 482
3
2 38
6 139
3
6 242
2 182
3
5
7 109
7 8
3
4 80 239
4 376 236
7 19
2 234
2 355
3
4 330 28
1 31831 43
1 65022 335
5
3
7 486
6 241
7 202
2 431
6 87
3
1 23770 330
6 248
5
3
4 197 323
4 209 270
6 293
3
6 351
1 78609 465
6 4
5
3
1 15960 42
4 6 134
4 143 367
4 22 309
3
1 95721 457
6 170
2 153
7 174
3
6 288
1 85471 113
6 83
6 424
5
3
6 228
2 21
6 16
3
1 62308 437
1 90430 84
7 484
4 335 45
3
5
1 40398 357
2 195
7 438
3
2 458
5
7 368
3
5
7 463
3
5
4 94 98
7 253
2 171
1 1253 228
3
6 492
2 280
7 474
4 44 106
3
4 297 74
7 2
3
1 31338 455
6 280
3
5
2 257
2 434
5
3
6 200
1 10355 450
3
5
7 365
7 394
4 196 301
3
5
6 473
7 346
3
7 14
4 287 350
7 154
4 451 69
3
4 428 183
6 476
3
6 117
7 27
3
4 415 87
5
4 236 382
2 154
4 249 79
3
1 83250 494
7 12
1 74313 184
4 40 171
5
3
5
6 259
3
2 245
4 72 490
3
1 54796 322
2 485
3
7 9
7 77
5
3
2 282
3
0